0	0
0	-6.1
0.02289	0
0.04577	0
0.06408	0
0.08697	-6.1
0.10986	0
0.12359	-12.21
0.14648	0
0.16937	-12.21
0.18768	-6.1
0.20599	-12.21
0.22888	-6.1
0.24719	-12.21
0.2655	0
0.28839	-6.1
0.3067	0
0.32959	-6.1
0.3479	-6.1
0.37079	-6.1
0.3891	-6.1
0.40741	0
0.42572	-6.1
0.44861	-6.1
0.46692	0
0.4898	-6.1
0.50812	6.1
0.531	0
0.54931	6.1
0.5722	6.1
0.59051	12.21
0.6134	12.21
0.63171	18.31
0.65002	18.31
0.67291	24.41
0.69122	24.41
0.70953	30.52
0.73242	30.52
0.75073	30.52
0.76904	30.52
0.79193	36.62
0.81024	30.52
0.82855	42.72
0.85144	54.93
0.87433	48.83
0.89264	54.93
0.91095	48.83
0.93384	54.93
0.95215	54.93
0.97046	67.14
0.99334	61.04
1.01166	79.35
1.02997	67.14
1.05285	79.35
1.07116	73.24
1.09405	79.35
1.11236	79.35
1.13525	85.45
1.15356	85.45
1.17187	85.45
1.19476	91.55
1.21307	91.55
1.23138	97.66
1.25427	103.76
1.27258	103.76
1.29547	103.76
1.31378	103.76
1.33209	103.76
1.35498	103.76
1.37329	115.97
1.3916	109.86
1.41449	115.97
1.43738	128.17
1.45569	122.07
1.474	128.17
1.49231	128.17
1.51062	146.48
1.53351	134.28
1.55182	140.38
1.57013	140.38
1.59302	140.38
1.6159	146.48
1.63421	146.48
1.65252	152.59
1.67541	152.59
1.69372	146.48
1.71203	152.59
1.73492	152.59
1.75323	158.69
1.77154	152.59
1.79443	158.69
1.81274	164.79
1.83563	170.9
1.85394	164.79
1.87225	170.9
1.89514	177
1.91345	170.9
1.93634	183.11
1.95465	177
1.97296	183.11
1.99585	183.11
2.01416	189.21
2.03705	189.21
2.05536	189.21
2.07367	183.11
2.09198	189.21
2.11487	189.21
2.13318	195.31
2.15606	195.31
2.17438	195.31
2.19269	195.31
2.21557	207.52
2.23388	207.52
2.25677	207.52
2.27508	201.42
2.29797	219.73
2.31628	213.62
2.33917	213.62
2.35748	207.52
2.37121	213.62
2.39868	225.83
2.41699	219.73
2.4353	213.62
2.45361	219.73
2.4765	225.83
2.49481	225.83
2.5177	225.83
2.53601	225.83
2.55432	238.04
2.57721	231.93
2.59552	231.93
2.61383	225.83
2.63672	244.14
2.65503	231.93
2.67334	238.04
2.69623	244.14
2.71454	238.04
2.73742	244.14
2.75573	238.04
2.77862	244.14
2.79693	244.14
2.81524	238.04
2.83813	244.14
2.85644	250.24
2.87475	250.24
2.89764	250.24
2.91595	256.35
2.93426	256.35
2.95257	268.55
2.97546	256.35
2.99377	262.45
3.01666	256.35
3.03955	250.24
3.05328	262.45
3.07617	268.55
3.09448	262.45
3.11737	262.45
3.13568	268.55
3.15399	262.45
3.17688	268.55
3.19519	274.66
3.21808	274.66
3.23639	274.66
3.2547	268.55
3.27759	274.66
3.2959	268.55
3.31421	280.76
3.33709	280.76
3.35541	280.76
3.37372	280.76
3.3966	280.76
3.41491	280.76
3.43323	286.87
3.45611	280.76
3.47442	286.87
3.49731	286.87
3.51562	286.87
3.53393	286.87
3.55682	299.07
3.57971	292.97
3.59344	292.97
3.61633	292.97
3.63464	299.07
3.65753	292.97
3.67584	299.07
3.69415	292.97
3.71704	311.28
3.73535	305.18
3.75824	305.18
3.77655	299.07
3.79944	305.18
3.81775	299.07
3.84063	305.18
3.85437	311.28
3.87726	317.38
3.89557	299.07
3.91388	305.18
3.93219	317.38
3.95508	305.18
3.97339	317.38
3.99627	317.38
4.01459	311.28
4.03747	317.38
4.06036	323.49
4.07867	329.59
4.0924	317.38
4.11529	323.49
4.1336	329.59
4.15649	329.59
4.17938	323.49
4.19311	329.59
4.21142	329.59
4.23431	329.59
4.2572	329.59
4.27551	323.49
4.2984	329.59
4.31671	335.69
4.33502	335.69
4.35791	335.69
4.37622	335.69
4.39453	341.8
4.41742	335.69
4.43573	341.8
4.45404	341.8
4.47235	347.9
4.49524	335.69
4.51813	347.9
4.53644	347.9
4.55932	347.9
4.57763	347.9
4.59594	354
4.61426	354
4.63257	354
4.65545	347.9
4.67834	354
4.69665	347.9
4.71496	354
4.73785	360.11
4.75616	360.11
4.77447	360.11
4.79736	366.21
4.81567	360.11
4.83856	372.31
4.85687	372.31
4.87976	372.31
4.89807	372.31
4.91638	372.31
4.93469	372.31
4.95758	372.31
4.97589	372.31
4.9942	378.42
5.01251	372.31
5.0354	378.42
5.05371	390.63
5.0766	384.52
5.09948	390.63
5.1178	378.42
5.13611	378.42
5.15442	390.63
5.1773	390.63
5.19562	396.73
5.2185	396.73
5.24139	396.73
5.25512	390.63
5.27801	396.73
5.29632	402.83
5.31463	396.73
5.33752	402.83
5.35583	408.94
5.37414	402.83
5.39703	402.83
5.41992	402.83
5.43823	408.94
5.45654	396.73
5.47943	421.14
5.49774	402.83
5.51605	415.04
5.53894	415.04
5.55725	421.14
5.57556	415.04
5.59845	421.14
5.61676	421.14
5.63965	421.14
5.65796	421.14
5.67627	427.25
5.69916	421.14
5.71747	421.14
5.73578	433.35
5.75409	433.35
5.77698	439.45
5.79529	433.35
5.81817	433.35
5.83648	439.45
5.85479	439.45
5.87768	433.35
5.90057	445.56
5.9143	451.66
5.93719	451.66
5.9555	445.56
5.97839	451.66
5.9967	451.66
6.01501	445.56
6.03332	451.66
6.05621	463.87
6.07452	457.76
6.09741	451.66
6.1203	463.87
6.13403	463.87
6.15692	463.87
6.17523	469.97
6.19354	463.87
6.21643	463.87
6.23474	469.97
6.25763	469.97
6.27594	476.07
6.29883	482.18
6.31714	482.18
6.33545	482.18
6.35834	482.18
6.37665	488.28
6.39496	494.38
6.41784	488.28
6.43615	494.38
6.45904	482.18
6.47735	500.49
6.49566	506.59
6.51397	506.59
6.53686	506.59
6.55517	494.38
6.57806	506.59
6.59637	506.59
6.61468	506.59
6.63299	506.59
6.65588	518.8
6.67419	512.7
6.69708	518.8
6.71539	518.8
6.7337	518.8
6.75659	518.8
6.7749	524.9
6.79779	537.11
6.8161	537.11
6.83441	537.11
6.85272	531.01
6.87561	543.21
6.89392	537.11
6.91681	537.11
6.93512	549.32
6.95801	543.21
6.97632	549.32
6.99463	549.32
7.01751	561.52
7.03583	549.32
7.05414	549.32
7.07702	555.42
7.09533	561.52
7.11822	567.63
7.13653	561.52
7.15484	567.63
7.17315	567.63
7.19604	573.73
7.21435	573.73
7.23724	579.83
7.25555	579.83
7.27844	579.83
7.29675	592.04
7.31506	585.94
7.33795	592.04
7.35626	592.04
7.37457	592.04
7.39746	592.04
7.41119	610.35
7.43408	604.25
7.45697	610.35
7.47528	604.25
7.49817	610.35
7.51648	616.46
7.53937	622.56
7.55768	616.46
7.58056	628.66
7.5943	628.66
7.61719	628.66
7.6355	640.87
7.65381	640.87
7.67669	634.77
7.695	640.87
7.71332	653.08
7.7362	646.97
7.75451	646.97
7.7774	659.18
7.79571	659.18
7.8186	659.18
7.83233	671.39
7.85522	671.39
7.87811	671.39
7.89642	671.39
7.91473	683.59
7.93762	683.59
7.95593	683.59
7.97424	683.59
7.99713	695.8
8.01544	701.9
8.03833	701.9
8.05664	708.01
8.07495	708.01
8.09784	708.01
8.11615	714.11
8.13446	714.11
8.15735	726.32
8.17566	732.42
8.19854	732.42
8.21686	744.63
8.23517	744.63
8.25805	756.84
8.27636	756.84
8.29468	756.84
8.31299	756.84
8.33587	762.94
8.35418	762.94
8.37707	775.15
8.39538	781.25
8.41827	787.35
8.43658	787.35
8.45947	805.66
8.4732	805.66
8.49609	805.66
8.51898	817.87
8.53271	817.87
8.56018	830.08
8.57391	830.08
8.5968	836.18
8.61511	848.39
8.638	854.49
8.65631	860.6
8.6792	866.7
8.69293	866.7
8.71582	878.91
8.73413	878.91
8.75702	897.22
8.77533	897.22
8.79364	909.42
8.81653	909.42
8.83484	921.63
8.85772	927.73
8.87604	939.94
8.89892	952.15
8.91266	952.15
8.93554	958.25
8.95843	970.46
8.97674	982.67
8.99963	988.77
9.01794	1007.08
9.03625	1007.08
9.05914	1019.29
9.07745	1031.49
9.09576	1031.49
9.11865	1043.7
9.13696	1055.91
9.15527	1062.01
9.17816	1086.43
9.19647	1092.53
9.21478	1104.74
9.23309	1110.84
9.26056	1129.15
9.27887	1135.25
9.29718	1153.56
9.31549	1159.67
9.33838	1177.98
9.35669	1190.19
9.375	1208.5
9.39789	1220.7
9.4162	1239.01
9.43451	1245.12
9.4574	1257.32
9.47571	1269.53
9.49402	1300.05
9.5169	1306.15
9.53979	1324.46
9.5581	1342.77
9.57641	1361.08
9.59472	1373.29
9.61303	1397.71
9.63592	1416.02
9.65423	1428.22
9.67712	1452.64
9.69543	1477.05
9.71832	1495.36
9.73663	1513.67
9.75494	1544.19
9.77325	1562.5
9.79614	1586.91
9.81445	1611.33
9.83734	1635.74
9.85565	1660.16
9.87854	1690.67
9.89685	1715.09
9.91516	1745.61
9.93805	1763.92
9.95178	1794.43
9.97467	1831.05
9.99756	1855.47
9.99756	1843.26
