0	0
0.97961	48.83
0.96588	48.83
0.93842	48.83
0.9201	48.83
0.90179	42.72
0.87891	48.83
0.86517	36.62
0.84229	42.72
0.8194	42.72
0.80109	42.72
0.78278	48.83
0.76447	42.72
0.74158	42.72
0.72327	36.62
0.70496	42.72
0.67749	42.72
0.66376	36.62
0.64087	30.52
0.62256	30.52
0.60425	30.52
0.58136	36.62
0.56305	36.62
0.54474	24.41
0.52185	30.52
0.49896	36.62
0.48065	24.41
0.46234	24.41
0.43945	30.52
0.42114	24.41
0.40283	36.62
0.37994	36.62
0.36163	30.52
0.33875	24.41
0.32043	30.52
0.30212	24.41
0.28381	36.62
0.2655	24.41
0.24261	30.52
0.2243	30.52
0.20142	36.62
0.18311	30.52
0.16022	30.52
0.14191	30.52
0.11902	30.52
0.10529	30.52
0.07782	30.52
0.05951	30.52
0.04578	24.41
0.02289	30.52
0	30.52
0.00458	30.52
0.02747	36.62
0.05035	36.62
0.06866	30.52
0.09155	36.62
0.10986	36.62
0.13275	36.62
0.15106	36.62
0.17395	30.52
0.19226	36.62
0.21057	36.62
0.22888	36.62
0.25177	36.62
0.27008	36.62
0.29297	30.52
0.31128	36.62
0.33417	36.62
0.35248	30.52
0.37537	36.62
0.39368	30.52
0.41199	36.62
0.43488	36.62
0.45319	30.52
0.47607	30.52
0.49438	36.62
0.50812	36.62
0.53558	36.62
0.55389	36.62
0.5722	36.62
0.59052	42.72
0.6134	42.72
0.63171	54.93
0.6546	54.93
0.67291	48.83
0.6958	48.83
0.71411	54.93
0.73242	48.83
0.75531	54.93
0.77362	61.04
0.79193	61.04
0.81482	61.04
0.83313	61.04
0.85602	67.14
0.87433	67.14
0.89722	67.14
0.91553	61.04
0.93384	67.14
0.95673	67.14
0.97504	73.24
0.99335	73.24
1.01624	79.35
1.03455	79.35
1.05743	79.35
1.07574	79.35
1.09863	79.35
1.11694	91.55
1.13525	85.45
1.15356	85.45
1.17645	97.66
1.19476	91.55
1.21765	91.55
1.23596	91.55
1.25427	91.55
1.27716	91.55
1.29547	97.66
1.31836	97.66
1.33667	97.66
1.35956	97.66
1.37787	97.66
1.39618	103.76
1.41907	97.66
1.43738	103.76
1.45569	115.97
1.47858	109.86
1.49689	103.76
1.51978	115.97
1.53351	115.97
1.56097	109.86
1.57928	115.97
1.5976	122.07
1.61591	109.86
1.63879	122.07
1.6571	122.07
1.67999	122.07
1.6983	115.97
1.71661	122.07
1.73492	122.07
1.75781	128.17
1.7807	115.97
1.80359	128.17
1.8219	122.07
1.84021	128.17
1.85852	128.17
1.87683	122.07
1.89514	134.28
1.91803	128.17
1.93634	134.28
1.95923	134.28
1.97754	134.28
1.99585	134.28
2.01874	140.38
2.03705	128.17
2.05994	134.28
2.07825	140.38
2.09656	140.38
2.11945	134.28
2.13776	146.48
2.15607	140.38
2.18353	146.48
2.19727	140.38
2.22015	140.38
2.23846	146.48
2.25677	146.48
2.27966	146.48
2.29797	146.48
2.32086	146.48
2.33917	152.59
2.36206	152.59
2.38037	158.69
2.3941	152.59
2.42157	140.38
2.43988	146.48
2.45819	146.48
2.4765	146.48
2.50397	158.69
2.5177	158.69
2.53601	146.48
2.5589	158.69
2.57721	158.69
2.59552	158.69
2.61841	158.69
2.6413	158.69
2.65961	164.79
2.67792	164.79
2.70081	158.69
2.71912	158.69
2.73743	170.9
2.76031	158.69
2.77863	152.59
2.80151	164.79
2.81982	152.59
2.83813	158.69
2.85645	158.69
2.87933	164.79
2.90222	164.79
2.92053	164.79
2.93884	164.79
2.95715	164.79
2.98004	170.9
2.99835	170.9
3.01666	177
3.03955	158.69
3.05786	164.79
3.07617	170.9
3.09906	177
3.11737	164.79
3.14026	170.9
3.15857	164.79
3.18146	177
3.19977	170.9
3.21808	170.9
3.24097	177
3.25928	177
3.28217	177
3.30048	177
3.32336	177
3.34167	177
3.35999	183.11
3.3783	177
3.40118	177
3.41949	177
3.43781	170.9
3.46069	177
3.479	183.11
3.49731	170.9
3.5202	183.11
3.53851	170.9
3.5614	177
3.57971	170.9
3.6026	183.11
3.62091	183.11
3.63922	177
3.65753	189.21
3.68042	183.11
3.69873	183.11
3.71704	183.11
3.73993	189.21
3.75824	183.11
3.78113	183.11
3.79944	189.21
3.81775	183.11
3.84064	183.11
3.85895	189.21
3.87726	189.21
3.90015	183.11
3.91846	189.21
3.94135	189.21
3.95966	195.31
3.98254	195.31
4.00085	189.21
4.01917	195.31
4.03748	189.21
4.06036	195.31
4.07867	201.42
4.09698	183.11
4.11987	189.21
4.14276	195.31
4.16107	195.31
4.17938	195.31
4.19769	189.21
4.22058	195.31
4.24347	207.52
4.26178	195.31
4.28009	195.31
4.2984	201.42
4.31671	201.42
4.3396	189.21
4.35791	195.31
4.37622	207.52
4.39911	195.31
4.422	201.42
4.44031	195.31
4.45862	201.42
4.47693	201.42
4.49982	195.31
4.51813	207.52
4.54102	195.31
4.55933	201.42
4.58221	207.52
4.60052	213.62
4.61884	195.31
4.64172	201.42
4.66003	213.62
4.68292	207.52
4.70123	207.52
4.71954	213.62
4.73785	207.52
4.76074	207.52
4.77905	201.42
4.80194	207.52
4.82025	213.62
4.83856	201.42
4.85687	207.52
4.87976	213.62
4.89807	213.62
4.92096	207.52
4.93927	213.62
4.95758	207.52
4.98047	213.62
4.99878	219.73
5.02167	213.62
5.03998	219.73
5.05829	219.73
5.08118	213.62
5.09949	219.73
5.1178	207.52
5.14069	213.62
5.16357	219.73
5.17731	225.83
5.2002	219.73
5.21851	219.73
5.24139	219.73
5.2597	225.83
5.27802	219.73
5.3009	219.73
5.32379	231.93
5.33752	219.73
5.36041	225.83
5.37872	225.83
5.39703	225.83
5.41992	225.83
5.44281	225.83
5.46112	225.83
5.48401	225.83
5.50232	225.83
5.52063	231.93
5.53894	231.93
5.56183	231.93
5.58014	231.93
5.59845	238.04
5.61676	231.93
5.63965	238.04
5.65796	231.93
5.68085	238.04
5.69916	238.04
5.72205	231.93
5.74036	238.04
5.75867	238.04
5.78156	231.93
5.79987	244.14
5.82275	238.04
5.84106	244.14
5.85937	238.04
5.88226	244.14
5.90057	231.93
5.91888	244.14
5.94177	238.04
5.96008	244.14
5.98297	250.24
6.00128	244.14
6.01959	250.24
6.04248	244.14
6.06079	256.35
6.0791	250.24
6.10199	250.24
6.1203	238.04
6.13861	250.24
6.1615	250.24
6.17981	250.24
6.19812	250.24
6.22101	256.35
6.23932	250.24
6.26221	244.14
6.28052	250.24
6.29883	256.35
6.31714	256.35
6.3446	256.35
6.35834	262.45
6.37665	256.35
6.39954	256.35
6.42242	262.45
6.44073	262.45
6.45905	262.45
6.48193	256.35
6.50024	262.45
6.52313	262.45
6.54144	262.45
6.55975	262.45
6.58264	262.45
6.60553	262.45
6.61926	268.55
6.64215	268.55
6.66046	268.55
6.67877	268.55
6.70166	268.55
6.71997	268.55
6.73828	268.55
6.75659	274.66
6.77948	268.55
6.80237	274.66
6.82068	268.55
6.83899	280.76
6.86188	274.66
6.88019	280.76
6.90308	280.76
6.91681	280.76
6.9397	274.66
6.95801	280.76
6.9809	280.76
7.00378	280.76
7.02209	280.76
7.04041	280.76
7.06329	286.87
7.0816	286.87
7.09991	280.76
7.1228	280.76
7.14111	286.87
7.164	286.87
7.18231	292.97
7.20062	280.76
7.21893	292.97
7.24182	286.87
7.26013	292.97
7.27844	292.97
7.29675	292.97
7.31964	292.97
7.34253	292.97
7.36084	292.97
7.37915	299.07
7.40204	305.18
7.42035	299.07
7.43866	299.07
7.46155	305.18
7.47986	299.07
7.50275	305.18
7.52106	311.28
7.54395	311.28
7.56226	305.18
7.58057	305.18
7.60345	311.28
7.62177	317.38
7.64008	317.38
7.65839	311.28
7.68127	311.28
7.69958	311.28
7.7179	317.38
7.74078	317.38
7.76367	311.28
7.78198	323.49
7.80029	317.38
7.8186	329.59
7.83691	329.59
7.8598	329.59
7.87811	323.49
7.901	329.59
7.91931	329.59
7.9422	335.69
7.96051	323.49
7.9834	335.69
8.00171	329.59
8.02002	341.8
8.03833	335.69
8.06122	347.9
8.07953	354
8.09784	347.9
8.12073	341.8
8.13904	347.9
8.16193	354
8.18024	347.9
8.19855	354
8.22144	347.9
8.24432	347.9
8.25806	360.11
8.28094	354
8.29926	354
8.32214	366.21
8.34045	366.21
8.36334	366.21
8.38165	372.31
8.39996	372.31
8.42285	378.42
8.44116	372.31
8.45947	372.31
8.48236	378.42
8.50067	378.42
8.51898	378.42
8.54187	378.42
8.56018	384.52
8.57849	378.42
8.60138	384.52
8.61969	390.63
8.64258	396.73
8.66089	390.63
8.6792	402.83
8.70209	402.83
8.72498	402.83
8.73871	402.83
8.7616	396.73
8.77991	415.04
8.79822	402.83
8.82111	408.94
8.83942	415.04
8.8623	421.14
8.88062	421.14
8.89893	433.35
8.92181	433.35
8.94012	433.35
8.96301	433.35
8.98132	439.45
8.99963	433.35
9.02252	451.66
9.04083	439.45
9.06372	451.66
9.08203	457.76
9.10034	463.87
9.11865	457.76
9.14154	463.87
9.15985	463.87
9.17816	469.97
9.20105	476.07
9.21936	482.18
9.23767	476.07
9.26056	482.18
9.27887	488.28
9.29718	488.28
9.32007	500.49
9.34296	506.59
9.36127	494.38
9.38416	512.7
9.39789	518.8
9.4162	518.8
9.44366	518.8
9.46198	524.9
9.48029	537.11
9.50317	537.11
9.52148	543.21
9.53979	555.42
9.56268	555.42
9.58099	561.52
9.5993	567.63
9.61761	567.63
9.6405	573.73
9.65881	592.04
9.6817	585.94
9.70001	598.14
9.7229	604.25
9.73663	604.25
9.75952	616.46
9.77783	616.46
9.80072	634.77
9.81903	640.87
9.84192	640.87
9.86023	653.08
9.87854	659.18
9.90143	665.28
9.91974	671.39
9.93805	671.39
9.96094	689.7
9.97925	695.8
10.00214	708.01
10.00214	708.01
10.1	2000
10.2	4000
10.4	8000
