	20.0	182.8	220	240	260	280	300	320	340	360	380	400	420	440	460	480	500	520	540	560	580	600	620	640	660	680	700	720	740	760	780	800	820	840	860	880	900	920	940	960	980	1030.3
0	0.14448	0.24154	0.27147	0.30126	0.33084	0.36012	0.38892	0.41694	0.44395	0.4698	0.49445	0.51752	0.53877	0.55000	0.55000	0.55000	0.55000	0.55000	0.55000	0.55000	0.55000	0.55000	0.55000	0.55000	0.55000	0.55000	0.55000	0.55000	0.55000	0.55000	0.55000	0.55000	0.55000	0.55000	0.55000	0.55000	0.55000	0.55000	0.55000	0.55000	0.55000	0.55000
0.1	0.15415	0.24522	0.2733	0.3012	0.32889	0.35641	0.38367	0.4103	0.43603	0.46077	0.48454	0.50682	0.52736	0.54609	0.55000	0.55000	0.55000	0.55000	0.55000	0.55000	0.55000	0.55000	0.55000	0.55000	0.55000	0.55000	0.55000	0.55000	0.55000	0.55000	0.55000	0.55000	0.55000	0.55000	0.55000	0.55000	0.55000	0.55000	0.55000	0.55000	0.55000	0.55000
0.2	0.16370	0.24901	0.27531	0.30139	0.32732	0.35324	0.37913	0.40459	0.42922	0.45306	0.47614	0.4978	0.51778	0.53606	0.55000	0.55000	0.55000	0.55000	0.55000	0.55000	0.55000	0.55000	0.55000	0.55000	0.55000	0.55000	0.55000	0.55000	0.55000	0.55000	0.55000	0.55000	0.55000	0.55000	0.55000	0.55000	0.55000	0.55000	0.55000	0.55000	0.55000	0.55000
0.3	0.17267	0.25275	0.27744	0.30185	0.32621	0.35075	0.37542	0.3999	0.42364	0.44677	0.46926	0.49039	0.50997	0.52797	0.54464	0.55000	0.55000	0.55000	0.55000	0.55000	0.55000	0.55000	0.55000	0.55000	0.55000	0.55000	0.55000	0.55000	0.55000	0.55000	0.55000	0.55000	0.55000	0.55000	0.55000	0.55000	0.55000	0.55000	0.55000	0.55000	0.55000	0.55000
0.4	0.18065	0.25624	0.27955	0.30252	0.32557	0.349	0.37269	0.39631	0.41935	0.44187	0.46377	0.48445	0.50373	0.52153	0.53801	0.55000	0.55000	0.55000	0.55000	0.55000	0.55000	0.55000	0.55000	0.55000	0.55000	0.55000	0.55000	0.55000	0.55000	0.55000	0.55000	0.55000	0.55000	0.55000	0.55000	0.55000	0.55000	0.55000	0.55000	0.55000	0.55000	0.55000
0.5	0.18751	0.25957	0.28179	0.30364	0.32566	0.34823	0.37113	0.39407	0.41652	0.4385	0.45978	0.48009	0.4991	0.5167	0.53295	0.54743	0.55000	0.55000	0.55000	0.55000	0.55000	0.55000	0.55000	0.55000	0.55000	0.55000	0.55000	0.55000	0.55000	0.55000	0.55000	0.55000	0.55000	0.55000	0.55000	0.55000	0.55000	0.55000	0.55000	0.55000	0.55000	0.55000
0.6	0.19356	0.26314	0.2846	0.30573	0.32705	0.34894	0.37125	0.39362	0.41554	0.43693	0.45764	0.47754	0.4962	0.51348	0.52942	0.54358	0.55000	0.55000	0.55000	0.55000	0.55000	0.55000	0.55000	0.55000	0.55000	0.55000	0.55000	0.55000	0.55000	0.55000	0.55000	0.55000	0.55000	0.55000	0.55000	0.55000	0.55000	0.55000	0.55000	0.55000	0.55000	0.55000
0.7	0.19953	0.26735	0.28826	0.30901	0.32995	0.35139	0.37326	0.39512	0.41651	0.43727	0.45744	0.47681	0.495	0.51185	0.52736	0.54108	0.55000	0.55000	0.55000	0.55000	0.55000	0.55000	0.55000	0.55000	0.55000	0.55000	0.55000	0.55000	0.55000	0.55000	0.55000	0.55000	0.55000	0.55000	0.55000	0.55000	0.55000	0.55000	0.55000	0.55000	0.55000	0.55000
0.8	0.20584	0.27215	0.2926	0.31315	0.33398	0.35524	0.37677	0.39816	0.41904	0.43927	0.45893	0.47773	0.49541	0.51175	0.52664	0.53976	0.55000	0.55000	0.55000	0.55000	0.55000	0.55000	0.55000	0.55000	0.55000	0.55000	0.55000	0.55000	0.55000	0.55000	0.55000	0.55000	0.55000	0.55000	0.55000	0.55000	0.55000	0.55000	0.55000	0.55000	0.55000	0.55000
0.9	0.21203	0.27703	0.29707	0.31754	0.33837	0.35948	0.38079	0.40188	0.42243	0.44233	0.46155	0.47987	0.497	0.5127	0.52688	0.53933	0.54994	0.55000	0.55000	0.55000	0.55000	0.55000	0.55000	0.55000	0.55000	0.55000	0.55000	0.55000	0.55000	0.55000	0.55000	0.55000	0.55000	0.55000	0.55000	0.55000	0.55000	0.55000	0.55000	0.55000	0.54858	0.54278
1	0.21705	0.28126	0.30106	0.32153	0.34234	0.36333	0.38458	0.4056	0.42602	0.44571	0.46464	0.48255	0.49916	0.51422	0.52771	0.5395	0.54945	0.55000	0.55000	0.55000	0.55000	0.55000	0.55000	0.55000	0.55000	0.55000	0.55000	0.55000	0.54715	0.54476	0.54346	0.54308	0.54335	0.54402	0.54484	0.54555	0.54589	0.54565	0.54455	0.54228	0.53856	0.53305
1.1	0.21984	0.28421	0.30405	0.3246	0.34544	0.36651	0.38786	0.40891	0.42929	0.44888	0.46761	0.48518	0.5013	0.51578	0.52867	0.53982	0.54907	0.55000	0.55000	0.55000	0.55000	0.55000	0.55000	0.55000	0.55000	0.55000	0.54878	0.54445	0.54087	0.53828	0.53675	0.53612	0.53611	0.53649	0.53703	0.53748	0.53761	0.53722	0.53607	0.53389	0.53042	0.52543
1.2	0.21993	0.28556	0.30579	0.32661	0.3477	0.36906	0.39056	0.41164	0.43201	0.45154	0.47011	0.4874	0.5031	0.51709	0.52944	0.53998	0.54855	0.55000	0.55000	0.55000	0.55000	0.55000	0.55000	0.55000	0.55000	0.54812	0.54332	0.53893	0.53527	0.53256	0.53087	0.53003	0.52979	0.52994	0.53025	0.53051	0.53051	0.53006	0.52896	0.52698	0.52391	0.51958
1.3	0.21745	0.28562	0.30664	0.32801	0.34955	0.37124	0.39284	0.41396	0.43434	0.45381	0.47224	0.48926	0.50459	0.51813	0.52995	0.5399	0.54781	0.55000	0.55000	0.55000	0.55000	0.55000	0.55000	0.55000	0.54777	0.54299	0.53819	0.53382	0.53015	0.5274	0.5256	0.52461	0.52421	0.52418	0.52434	0.52449	0.52443	0.52399	0.52302	0.52133	0.51875	0.51516
1.4	0.21347	0.28506	0.30713	0.32922	0.35128	0.37324	0.39495	0.41611	0.43648	0.45587	0.47413	0.49087	0.50581	0.51888	0.53019	0.53956	0.54682	0.55000	0.55000	0.55000	0.55000	0.55000	0.55000	0.54738	0.54288	0.53805	0.53329	0.52899	0.52538	0.52263	0.52079	0.51972	0.51921	0.51907	0.51915	0.51925	0.5192	0.51885	0.51806	0.5167	0.51466	0.51185
1.5	0.20937	0.28452	0.30769	0.33052	0.35306	0.37531	0.39714	0.41832	0.43866	0.45795	0.47598	0.49238	0.5069	0.51951	0.53027	0.53904	0.54565	0.55000	0.55000	0.55000	0.55000	0.55000	0.54694	0.54278	0.53815	0.53332	0.52862	0.5244	0.52087	0.51817	0.51634	0.51525	0.51469	0.51451	0.51456	0.51467	0.51468	0.51445	0.51389	0.51288	0.51137	0.50932
1.6	0.20623	0.28452	0.30866	0.33215	0.35512	0.37759	0.39953	0.42075	0.44104	0.46016	0.47789	0.49389	0.50796	0.52006	0.53026	0.53839	0.54435	0.5482	0.55000	0.55000	0.54898	0.54637	0.54272	0.53834	0.5336	0.52878	0.52414	0.52002	0.5166	0.51398	0.5122	0.51112	0.51057	0.5104	0.51047	0.51062	0.51072	0.51065	0.51032	0.50967	0.50866	0.5073
1.7	0.20473	0.28545	0.31034	0.33434	0.35763	0.38028	0.4023	0.42352	0.44368	0.46254	0.47987	0.4954	0.50896	0.52052	0.53011	0.53759	0.54292	0.54616	0.54752	0.54721	0.54545	0.5425	0.53858	0.53403	0.5292	0.52438	0.51982	0.51581	0.51251	0.51001	0.50831	0.50728	0.50678	0.50666	0.50678	0.50701	0.50722	0.50731	0.50721	0.50688	0.50632	0.50557
1.8	0.20533	0.28761	0.31298	0.33731	0.36078	0.38352	0.40556	0.42667	0.44658	0.46504	0.48189	0.49688	0.50987	0.52083	0.52978	0.53661	0.54131	0.54398	0.54482	0.54403	0.54187	0.5386	0.53446	0.52975	0.52486	0.52007	0.51561	0.51174	0.50859	0.50623	0.50464	0.5037	0.50328	0.50323	0.50343	0.50375	0.50407	0.50432	0.50442	0.50437	0.50419	0.50393
1.9	0.20832	0.29117	0.31672	0.34114	0.36465	0.38737	0.40928	0.43013	0.44964	0.46759	0.48387	0.49826	0.51065	0.52097	0.52925	0.53544	0.53953	0.54164	0.54197	0.54074	0.53821	0.53465	0.53031	0.5255	0.52059	0.51586	0.51153	0.50781	0.50483	0.50263	0.50117	0.50035	0.50003	0.50007	0.50035	0.50076	0.50119	0.50157	0.50185	0.50202	0.50214	0.50226
2	0.21382	0.29621	0.32162	0.34591	0.36928	0.3918	0.4134	0.43381	0.45279	0.47014	0.48579	0.49954	0.51127	0.52092	0.52853	0.53407	0.53756	0.53913	0.53899	0.53734	0.53448	0.53067	0.52619	0.52132	0.51642	0.51178	0.50759	0.50405	0.50125	0.49922	0.49792	0.49722	0.497	0.49714	0.4975	0.498	0.49852	0.49901	0.49942	0.49977	0.5001	0.50047
2.1	0.22178	0.30272	0.32768	0.35161	0.37462	0.39672	0.4178	0.43765	0.45599	0.47267	0.48763	0.50069	0.51172	0.52067	0.5276	0.5325	0.53541	0.53648	0.5359	0.53388	0.53072	0.52671	0.52213	0.51724	0.5124	0.50787	0.50384	0.50048	0.49787	0.49603	0.49487	0.49429	0.49418	0.4944	0.49484	0.49541	0.496	0.49657	0.49708	0.49755	0.49801	0.49853
2.2	0.23198	0.31057	0.3348	0.35812	0.38053	0.40199	0.42244	0.4416	0.45922	0.47516	0.48937	0.50169	0.51199	0.52023	0.52648	0.53075	0.53311	0.5337	0.5327	0.53035	0.52695	0.52281	0.51818	0.51331	0.50855	0.50416	0.5003	0.49713	0.49472	0.49303	0.49201	0.49155	0.49153	0.49183	0.49234	0.49296	0.4936	0.49422	0.49479	0.49533	0.49587	0.49645
2.3	0.24416	0.31953	0.34277	0.36522	0.38684	0.40754	0.42722	0.4456	0.46243	0.47759	0.49101	0.50256	0.51211	0.51964	0.52522	0.52888	0.53069	0.53082	0.52945	0.52682	0.52322	0.51897	0.51433	0.50953	0.50488	0.50064	0.49696	0.49399	0.49176	0.49022	0.48933	0.48898	0.48905	0.48941	0.48997	0.49062	0.49129	0.49195	0.49255	0.49312	0.49368	0.49425
2.4	0.25786	0.32938	0.35143	0.37284	0.3935	0.41333	0.43214	0.44965	0.46565	0.47999	0.4926	0.50334	0.51214	0.51897	0.5239	0.52695	0.52825	0.52794	0.52623	0.52335	0.51959	0.51528	0.51065	0.50592	0.5014	0.49732	0.49383	0.49105	0.48899	0.48761	0.48684	0.48659	0.48672	0.48713	0.48771	0.48838	0.48907	0.48974	0.49036	0.49093	0.49146	0.49198
2.5	0.27261	0.33988	0.36062	0.38085	0.40046	0.4193	0.43716	0.45375	0.46887	0.48236	0.49414	0.50408	0.51212	0.51826	0.52255	0.52504	0.52585	0.52514	0.52311	0.52001	0.51612	0.51177	0.50717	0.50252	0.49814	0.49422	0.49092	0.48832	0.48642	0.48517	0.48452	0.48434	0.48452	0.48495	0.48555	0.48623	0.48693	0.4876	0.48821	0.48876	0.48924	0.48969
2.6	0.28815	0.35087	0.37021	0.38918	0.40764	0.4254	0.44223	0.45786	0.47206	0.48466	0.49559	0.50474	0.51205	0.51751	0.52119	0.52314	0.52349	0.52242	0.52012	0.51682	0.51284	0.50846	0.5039	0.49934	0.49509	0.49134	0.48822	0.4858	0.48404	0.48292	0.48235	0.48222	0.48243	0.48288	0.48349	0.48418	0.48488	0.48553	0.48612	0.48663	0.48707	0.48743
2.7	0.30428	0.36222	0.38008	0.39772	0.41495	0.43156	0.44731	0.46192	0.47515	0.48684	0.49693	0.5053	0.51189	0.5167	0.5198	0.52125	0.52117	0.51976	0.51723	0.51378	0.50972	0.50533	0.50082	0.49637	0.49226	0.48869	0.48575	0.48347	0.48185	0.48083	0.48033	0.48024	0.48047	0.48093	0.48154	0.48223	0.48292	0.48355	0.48411	0.48458	0.48496	0.48525
2.8	0.32083	0.37381	0.39014	0.40639	0.42233	0.43772	0.45233	0.46587	0.47811	0.48889	0.49814	0.50574	0.51163	0.51582	0.51836	0.51934	0.51888	0.51718	0.51444	0.51087	0.50676	0.50238	0.49794	0.49361	0.48966	0.48626	0.48348	0.48134	0.47983	0.4789	0.47845	0.47839	0.47864	0.47911	0.47972	0.48039	0.48106	0.48167	0.48219	0.48262	0.48294	0.48316
2.9	0.33755	0.38549	0.40027	0.41509	0.4297	0.44384	0.45728	0.46973	0.48097	0.49085	0.49926	0.50609	0.5113	0.51488	0.5169	0.51744	0.51664	0.51469	0.51178	0.50812	0.50398	0.49964	0.49528	0.49108	0.4873	0.48406	0.48143	0.47942	0.47801	0.47714	0.47673	0.47669	0.47695	0.47742	0.47802	0.47868	0.47932	0.47989	0.48038	0.48076	0.48104	0.4812
3	0.35413	0.39705	0.41029	0.42368	0.43695	0.44985	0.46212	0.47348	0.48374	0.49271	0.50029	0.50637	0.51091	0.51391	0.51544	0.51559	0.51449	0.51233	0.50928	0.50556	0.50143	0.49714	0.49287	0.48882	0.4852	0.4821	0.4796	0.47769	0.47636	0.47555	0.47517	0.47514	0.47541	0.47588	0.47647	0.47709	0.47769	0.47823	0.47867	0.47902	0.47925	0.47938
3.1	0.37019	0.40828	0.42002	0.43203	0.444	0.45568	0.4668	0.4771	0.48638	0.49446	0.50122	0.50657	0.51047	0.51293	0.51401	0.51381	0.51245	0.51012	0.50696	0.50319	0.49909	0.49488	0.49072	0.48682	0.48333	0.48037	0.47797	0.47616	0.47489	0.47412	0.47377	0.47376	0.47403	0.47448	0.47504	0.47563	0.47619	0.47668	0.47708	0.47738	0.47759	0.47769
3.2	0.38549	0.41901	0.42936	0.44004	0.45076	0.46125	0.47125	0.48052	0.48883	0.49603	0.502	0.50665	0.50995	0.51192	0.51259	0.51208	0.5105	0.50802	0.50478	0.50101	0.49696	0.49282	0.4888	0.48503	0.48167	0.47882	0.47653	0.47479	0.47359	0.47286	0.47253	0.47254	0.47279	0.47322	0.47374	0.47428	0.47478	0.47523	0.47558	0.47586	0.47604	0.47614
3.3	0.39979	0.42915	0.43821	0.44764	0.45715	0.46649	0.47541	0.48366	0.49103	0.49738	0.50259	0.50658	0.50932	0.51083	0.51115	0.51036	0.50859	0.50599	0.50272	0.49896	0.49497	0.49093	0.48704	0.48341	0.48017	0.47743	0.47523	0.47358	0.47244	0.47175	0.47144	0.47145	0.47168	0.47207	0.47254	0.47303	0.47348	0.47387	0.47419	0.47443	0.4746	0.47469
3.4	0.41334	0.43873	0.44656	0.4548	0.46316	0.47138	0.47924	0.48649	0.49295	0.49848	0.50297	0.50634	0.50857	0.50965	0.50965	0.50862	0.50668	0.504	0.50071	0.49699	0.49307	0.48916	0.4854	0.4819	0.47879	0.47617	0.47407	0.47251	0.47142	0.47077	0.47048	0.47048	0.47069	0.47103	0.47145	0.47188	0.47227	0.47261	0.47288	0.47309	0.47323	0.47332
3.5	0.42622	0.44782	0.45448	0.46156	0.46879	0.47592	0.48275	0.48905	0.49464	0.49938	0.50318	0.50597	0.5077	0.5084	0.5081	0.50685	0.50478	0.50202	0.49874	0.49508	0.49126	0.48747	0.48385	0.48049	0.47752	0.47503	0.47304	0.47156	0.47053	0.46991	0.46963	0.46961	0.46979	0.47009	0.47045	0.47081	0.47114	0.47142	0.47165	0.47182	0.47194	0.47201
3.6	0.43851	0.45646	0.46199	0.46794	0.47408	0.48016	0.48599	0.49137	0.49613	0.50012	0.50327	0.5055	0.50678	0.50712	0.50653	0.50509	0.5029	0.5001	0.49684	0.49325	0.48954	0.48589	0.48241	0.47919	0.47637	0.47401	0.47213	0.47073	0.46975	0.46915	0.46887	0.46883	0.46897	0.46922	0.46952	0.46982	0.47009	0.47031	0.47048	0.47061	0.47069	0.47073
3.7	0.45021	0.46461	0.46905	0.47392	0.47901	0.48409	0.48898	0.49349	0.49745	0.50074	0.50328	0.50499	0.50584	0.50584	0.505	0.50338	0.5011	0.49827	0.49504	0.49154	0.48795	0.48443	0.4811	0.47803	0.47536	0.47312	0.47134	0.47	0.46906	0.46849	0.4682	0.46814	0.46824	0.46844	0.46867	0.4689	0.46911	0.46927	0.46938	0.46944	0.46946	0.46946
3.8	0.46120	0.47224	0.47564	0.47949	0.48359	0.48773	0.49174	0.49543	0.49865	0.50128	0.50325	0.50448	0.50493	0.5046	0.50353	0.50176	0.4994	0.49656	0.49337	0.48997	0.48651	0.48312	0.47993	0.47701	0.47448	0.47236	0.47066	0.46937	0.46848	0.46791	0.46762	0.46753	0.46759	0.46773	0.4679	0.46806	0.46819	0.46828	0.46832	0.46831	0.46826	0.46818
3.9	0.47136	0.47929	0.48174	0.48465	0.48783	0.4911	0.49429	0.49722	0.49975	0.50178	0.50321	0.50398	0.50406	0.50344	0.50215	0.50025	0.49783	0.49499	0.49186	0.48855	0.48521	0.48197	0.47892	0.47614	0.47373	0.4717	0.47008	0.46885	0.46798	0.46743	0.46712	0.467	0.46701	0.46709	0.46719	0.46728	0.46734	0.46736	0.46731	0.46721	0.46707	0.46689
4	0.48062	0.48574	0.48732	0.48938	0.49173	0.49421	0.49664	0.49888	0.50077	0.50223	0.50317	0.50352	0.50325	0.50237	0.50089	0.49888	0.49641	0.49359	0.49051	0.4873	0.48408	0.48096	0.47805	0.4754	0.4731	0.47116	0.4696	0.46842	0.46758	0.46702	0.4667	0.46655	0.46651	0.46652	0.46656	0.46658	0.46656	0.46649	0.46635	0.46614	0.46588	0.46559
4.1	0.48893	0.49157	0.49239	0.49368	0.49529	0.49705	0.4988	0.50039	0.50171	0.50264	0.50312	0.50308	0.5025	0.50138	0.49974	0.49763	0.49512	0.49232	0.48931	0.48619	0.48308	0.48009	0.4773	0.47478	0.47257	0.47071	0.46921	0.46807	0.46725	0.4667	0.46636	0.46617	0.46608	0.46604	0.46601	0.46595	0.46584	0.46567	0.46542	0.4651	0.4647	0.46427
4.2	0.49634	0.49679	0.49693	0.49756	0.4985	0.49961	0.50074	0.50176	0.50254	0.50299	0.50305	0.50265	0.50179	0.50045	0.49867	0.49648	0.49396	0.49118	0.48823	0.4852	0.4822	0.47933	0.47666	0.47425	0.47214	0.47035	0.46892	0.46782	0.46702	0.46646	0.4661	0.46588	0.46574	0.46564	0.46554	0.4654	0.4652	0.46492	0.46455	0.46409	0.46355	0.46296
4.3	0.50291	0.50143	0.50098	0.50101	0.50136	0.50189	0.50246	0.50294	0.50323	0.50325	0.50293	0.50222	0.50111	0.49959	0.49769	0.49543	0.4929	0.49015	0.48726	0.48432	0.48142	0.47866	0.47611	0.47381	0.47179	0.47009	0.46872	0.46766	0.46688	0.46632	0.46594	0.46568	0.4655	0.46534	0.46516	0.46493	0.46462	0.46423	0.46373	0.46312	0.46243	0.46168
4.4	0.50867	0.50551	0.50454	0.50404	0.50386	0.50386	0.50392	0.50393	0.50378	0.50341	0.50276	0.50178	0.50045	0.49877	0.49677	0.49446	0.49192	0.4892	0.48638	0.48353	0.48073	0.47809	0.47566	0.47346	0.47154	0.46992	0.46862	0.4676	0.46684	0.46628	0.46588	0.46559	0.46535	0.46512	0.46486	0.46454	0.46412	0.46361	0.46297	0.46222	0.46137	0.46043
4.5	0.51366	0.50903	0.5076	0.50663	0.50597	0.50551	0.50512	0.50471	0.50418	0.50347	0.50252	0.5013	0.49979	0.49798	0.49589	0.49355	0.491	0.48832	0.48557	0.48282	0.48013	0.4776	0.47529	0.47321	0.47138	0.46985	0.46862	0.46764	0.4669	0.46634	0.46592	0.46559	0.4653	0.465	0.46466	0.46424	0.46371	0.46307	0.46229	0.4614	0.46038	0.45926
4.6	0.51791	0.512	0.51018	0.50879	0.50772	0.50685	0.50607	0.50529	0.50443	0.50342	0.50222	0.5008	0.49913	0.49721	0.49505	0.49269	0.49016	0.48753	0.48485	0.4822	0.47963	0.47723	0.47503	0.47306	0.47134	0.4699	0.46873	0.4678	0.46708	0.46652	0.46608	0.46571	0.46536	0.46499	0.46455	0.46403	0.46339	0.46262	0.46171	0.46067	0.45949	0.45818
4.7	0.52144	0.51446	0.5123	0.51057	0.50914	0.50792	0.5068	0.5057	0.50455	0.50329	0.50188	0.50028	0.49848	0.49647	0.49427	0.4919	0.4894	0.48683	0.48424	0.48169	0.47925	0.47697	0.4749	0.47304	0.47143	0.47008	0.46898	0.46809	0.46739	0.46682	0.46636	0.46594	0.46553	0.46508	0.46455	0.46392	0.46317	0.46227	0.46124	0.46005	0.45872	0.45723
4.8	0.52429	0.51643	0.51401	0.51199	0.51026	0.50874	0.50733	0.50597	0.50457	0.5031	0.50151	0.49977	0.49786	0.49579	0.49356	0.4912	0.48875	0.48625	0.48376	0.48133	0.47902	0.47687	0.47492	0.47318	0.47168	0.47041	0.46937	0.46852	0.46782	0.46725	0.46675	0.46628	0.4658	0.46527	0.46465	0.46392	0.46305	0.46205	0.46089	0.45957	0.45809	0.45644
4.9	0.52647	0.51795	0.51532	0.51306	0.51109	0.50933	0.50769	0.5061	0.50451	0.50286	0.50113	0.49928	0.4973	0.49519	0.49295	0.49062	0.48823	0.48582	0.48345	0.48114	0.47896	0.47694	0.47511	0.47349	0.47209	0.4709	0.4699	0.46908	0.46838	0.46779	0.46725	0.46673	0.46618	0.46556	0.46486	0.46403	0.46306	0.46195	0.46067	0.45923	0.45761	0.45581
5	0.52803	0.51902	0.51625	0.51382	0.51166	0.50971	0.50788	0.50613	0.50438	0.5026	0.50076	0.49883	0.49681	0.49468	0.49247	0.49019	0.48787	0.48556	0.4833	0.48113	0.47908	0.47719	0.47548	0.47397	0.47265	0.47153	0.47057	0.46976	0.46907	0.46845	0.46787	0.46729	0.46666	0.46597	0.46518	0.46426	0.4632	0.46198	0.46061	0.45905	0.45731	0.45538
5.1	0.52898	0.51968	0.51681	0.51427	0.51199	0.5099	0.50794	0.50605	0.5042	0.50233	0.50041	0.49844	0.4964	0.49428	0.49211	0.48989	0.48767	0.48548	0.48334	0.4813	0.47938	0.47761	0.47602	0.47461	0.47337	0.4723	0.47138	0.47057	0.46986	0.46921	0.46859	0.46794	0.46725	0.46649	0.46561	0.46461	0.46347	0.46217	0.4607	0.45905	0.4572	0.45515
5.2	0.52937	0.51995	0.51705	0.51445	0.51209	0.50991	0.50786	0.50589	0.50397	0.50204	0.50009	0.4981	0.49607	0.49399	0.49188	0.48975	0.48763	0.48555	0.48354	0.48163	0.47984	0.4782	0.47672	0.4754	0.47422	0.47319	0.47229	0.47149	0.47076	0.47008	0.4694	0.4687	0.46795	0.46711	0.46617	0.4651	0.46388	0.46251	0.46096	0.45922	0.45728	0.45513
5.3	0.52922	0.51986	0.51697	0.51436	0.51197	0.50976	0.50766	0.50566	0.50369	0.50175	0.49979	0.49782	0.49582	0.4938	0.49177	0.48974	0.48773	0.48578	0.4839	0.48212	0.48046	0.47893	0.47754	0.4763	0.47518	0.47419	0.4733	0.47249	0.47174	0.47103	0.47031	0.46956	0.46875	0.46786	0.46685	0.46572	0.46445	0.46301	0.46139	0.45958	0.45756	0.45533
5.4	0.52850	0.51944	0.51662	0.51404	0.51167	0.50945	0.50735	0.50534	0.50338	0.50144	0.49952	0.49759	0.49565	0.49371	0.49177	0.48985	0.48796	0.48614	0.48439	0.48273	0.48118	0.47976	0.47847	0.47729	0.47622	0.47526	0.47438	0.47357	0.47281	0.47206	0.47131	0.47052	0.46966	0.46872	0.46767	0.4665	0.46517	0.46368	0.46201	0.46014	0.45806	0.45576
5.5	0.52756	0.51873	0.51601	0.51351	0.51118	0.509	0.50693	0.50495	0.50302	0.50113	0.49925	0.49739	0.49553	0.49368	0.49185	0.49004	0.48828	0.48658	0.48496	0.48343	0.48199	0.48067	0.47945	0.47834	0.47732	0.47639	0.47552	0.47472	0.47394	0.47318	0.4724	0.47158	0.47069	0.46971	0.46863	0.46741	0.46605	0.46452	0.4628	0.46089	0.45877	0.45642
5.6	0.52618	0.51777	0.51518	0.51278	0.51053	0.50842	0.50641	0.50449	0.50262	0.50079	0.49899	0.49721	0.49544	0.4937	0.49198	0.4903	0.48867	0.48709	0.48559	0.48418	0.48285	0.48162	0.48048	0.47943	0.47847	0.47757	0.47673	0.47593	0.47516	0.47438	0.47358	0.47274	0.47183	0.47082	0.46971	0.46847	0.46708	0.46552	0.46378	0.46185	0.4597	0.45732
5.7	0.52450	0.51659	0.51415	0.51188	0.50974	0.50772	0.5058	0.50396	0.50217	0.50042	0.49872	0.49703	0.49537	0.49375	0.49215	0.49059	0.48909	0.48764	0.48626	0.48496	0.48374	0.4826	0.48154	0.48056	0.47965	0.47879	0.47799	0.47721	0.47644	0.47567	0.47486	0.47401	0.47308	0.47206	0.47093	0.46967	0.46826	0.46669	0.46494	0.463	0.46085	0.45847
5.8	0.52259	0.51524	0.51297	0.51084	0.50883	0.50692	0.50511	0.50336	0.50167	0.50003	0.49843	0.49685	0.49531	0.49381	0.49234	0.49091	0.48954	0.48822	0.48696	0.48578	0.48466	0.48362	0.48264	0.48173	0.48088	0.48008	0.47931	0.47855	0.4778	0.47704	0.47624	0.47538	0.47444	0.47342	0.47228	0.47101	0.4696	0.46803	0.46628	0.46435	0.46221	0.45985
5.9	0.52050	0.51373	0.51165	0.50968	0.50781	0.50604	0.50434	0.50271	0.50113	0.49961	0.49812	0.49667	0.49526	0.49388	0.49254	0.49125	0.49001	0.48882	0.48769	0.48662	0.48561	0.48467	0.48378	0.48295	0.48216	0.48141	0.48069	0.47997	0.47924	0.47849	0.4777	0.47685	0.47592	0.47489	0.47375	0.47249	0.47108	0.46952	0.46779	0.46588	0.46378	0.46148
6	0.51826	0.51211	0.51022	0.50842	0.5067	0.50507	0.50351	0.502	0.50056	0.49916	0.4978	0.49648	0.4952	0.49396	0.49276	0.4916	0.49049	0.48944	0.48843	0.48748	0.48659	0.48575	0.48496	0.48421	0.4835	0.48281	0.48213	0.48146	0.48076	0.48003	0.47926	0.47842	0.47749	0.47647	0.47534	0.47409	0.4727	0.47116	0.46946	0.46759	0.46555	0.46332
6.1	0.51591	0.5104	0.5087	0.50707	0.50552	0.50404	0.50262	0.50126	0.49994	0.49868	0.49746	0.49628	0.49513	0.49403	0.49298	0.49196	0.49099	0.49007	0.4892	0.48838	0.4876	0.48687	0.48618	0.48552	0.48489	0.48426	0.48364	0.48301	0.48235	0.48165	0.4809	0.48008	0.47917	0.47816	0.47705	0.47581	0.47445	0.47294	0.47128	0.46947	0.4675	0.46536
6.2	0.51349	0.50861	0.5071	0.50565	0.50427	0.50295	0.50168	0.50046	0.4993	0.49818	0.4971	0.49606	0.49507	0.49411	0.4932	0.49233	0.49151	0.49073	0.49	0.4893	0.48865	0.48803	0.48744	0.48688	0.48633	0.48578	0.48522	0.48463	0.48402	0.48335	0.48263	0.48183	0.48094	0.47996	0.47886	0.47765	0.47632	0.47485	0.47325	0.47151	0.46962	0.46758
6.3	0.51102	0.50676	0.50544	0.50418	0.50297	0.50181	0.5007	0.49964	0.49862	0.49765	0.49672	0.49583	0.49499	0.49419	0.49343	0.49271	0.49204	0.4914	0.49081	0.49025	0.48973	0.48923	0.48875	0.48829	0.48782	0.48735	0.48685	0.48633	0.48575	0.48513	0.48444	0.48366	0.4828	0.48185	0.48078	0.4796	0.47831	0.47689	0.47535	0.47368	0.47188	0.46996
6.4	0.50850	0.50486	0.50374	0.50266	0.50162	0.50062	0.49968	0.49877	0.49791	0.49709	0.49632	0.49558	0.4949	0.49425	0.49365	0.49309	0.49257	0.49209	0.49164	0.49123	0.49084	0.49047	0.4901	0.48974	0.48937	0.48897	0.48855	0.48808	0.48756	0.48698	0.48632	0.48559	0.48476	0.48383	0.48279	0.48165	0.4804	0.47904	0.47756	0.47597	0.47427	0.47246
6.5	0.50596	0.50293	0.50199	0.50109	0.50023	0.4994	0.49862	0.49787	0.49717	0.49651	0.49589	0.49532	0.49479	0.49431	0.49387	0.49347	0.49311	0.49279	0.4925	0.49223	0.49198	0.49174	0.49149	0.49124	0.49096	0.49066	0.49031	0.48991	0.48944	0.48891	0.48829	0.48759	0.48679	0.4859	0.4849	0.4838	0.4826	0.48129	0.47988	0.47837	0.47677	0.47507
6.6	0.50340	0.50097	0.50022	0.49949	0.4988	0.49814	0.49752	0.49694	0.49639	0.49589	0.49544	0.49503	0.49467	0.49435	0.49408	0.49385	0.49366	0.4935	0.49336	0.49325	0.49315	0.49304	0.49292	0.49279	0.49261	0.4924	0.49213	0.4918	0.49139	0.49091	0.49034	0.48968	0.48892	0.48806	0.48711	0.48605	0.48489	0.48364	0.4823	0.48087	0.47936	0.47777
6.7	0.50083	0.49898	0.49841	0.49787	0.49735	0.49685	0.49639	0.49597	0.49559	0.49525	0.49496	0.49471	0.49452	0.49437	0.49427	0.49421	0.49419	0.49421	0.49424	0.49429	0.49434	0.49438	0.49439	0.49438	0.49432	0.4942	0.49402	0.49376	0.49342	0.49299	0.49247	0.49185	0.49114	0.49032	0.4894	0.48839	0.48728	0.48608	0.4848	0.48345	0.48202	0.48054
6.8	0.49826	0.49698	0.49659	0.49621	0.49586	0.49553	0.49523	0.49496	0.49474	0.49456	0.49443	0.49436	0.49433	0.49436	0.49444	0.49456	0.49472	0.49491	0.49512	0.49534	0.49555	0.49574	0.4959	0.49602	0.49608	0.49607	0.49598	0.4958	0.49553	0.49516	0.49469	0.49412	0.49345	0.49267	0.49179	0.49081	0.48975	0.4886	0.48738	0.48609	0.48474	0.48336
6.9	0.49569	0.49497	0.49475	0.49454	0.49434	0.49417	0.49403	0.49392	0.49385	0.49383	0.49387	0.49396	0.49411	0.49431	0.49457	0.49488	0.49523	0.4956	0.496	0.4964	0.49679	0.49715	0.49746	0.49772	0.49791	0.49801	0.49802	0.49793	0.49773	0.49743	0.49701	0.49649	0.49585	0.49511	0.49427	0.49333	0.4923	0.49119	0.49002	0.48878	0.48751	0.48621
7.0773	0.49313	0.49295	0.49289	0.49284	0.49281	0.49279	0.49279	0.49283	0.49292	0.49305	0.49325	0.4935	0.49383	0.49421	0.49466	0.49516	0.49571	0.49628	0.49688	0.49747	0.49805	0.49859	0.49908	0.49949	0.49982	0.50004	0.50016	0.50016	0.50004	0.49981	0.49945	0.49897	0.49837	0.49766	0.49684	0.49593	0.49492	0.49385	0.49271	0.49152	0.49031	0.48907
